/*--------------------------------*- C++ -*----------------------------------*\
  =========                 |
  \\      /  F ield         | OpenFOAM: The Open Source CFD Toolbox
   \\    /   O peration     | Website:  https://openfoam.org
    \\  /    A nd           | Version:  8
     \\/     M anipulation  |
\*---------------------------------------------------------------------------*/
FoamFile
{
    version     2.0;
    format      ascii;
    class       vectorField;
    location    "constant/polyMesh";
    object      points;
}
// * * * * * * * * * * * * * * * * * * * * * * * * * * * * * * * * * * * * * //


754
(
(-0.4 0 -0.2)
(-0.3616666667 0 -0.2)
(-0.3233333333 0 -0.2)
(-0.285 0 -0.2)
(-0.2466666667 0 -0.2)
(-0.2083333333 0 -0.2)
(-0.17 0 -0.2)
(-0.1316666667 0 -0.2)
(-0.09333333333 0 -0.2)
(-0.055 0 -0.2)
(-0.01666666667 0 -0.2)
(0.02166666667 0 -0.2)
(0.06 0 -0.2)
(-0.4 0.005 -0.2)
(-0.3616666667 0.005 -0.2)
(-0.3233333333 0.005 -0.2)
(-0.285 0.005 -0.2)
(-0.2466666667 0.005 -0.2)
(-0.2083333333 0.005 -0.2)
(-0.17 0.005 -0.2)
(-0.1316666667 0.005 -0.2)
(-0.09333333333 0.005 -0.2)
(-0.055 0.005 -0.2)
(-0.01666666667 0.005 -0.2)
(0.02166666667 0.005 -0.2)
(0.06 0.005 -0.2)
(-0.4 0.01 -0.2)
(-0.3616666667 0.01 -0.2)
(-0.3233333333 0.01 -0.2)
(-0.285 0.01 -0.2)
(-0.2466666667 0.01 -0.2)
(-0.2083333333 0.01 -0.2)
(-0.17 0.01 -0.2)
(-0.1316666667 0.01 -0.2)
(-0.09333333333 0.01 -0.2)
(-0.055 0.01 -0.2)
(-0.01666666667 0.01 -0.2)
(0.02166666667 0.01 -0.2)
(0.06 0.01 -0.2)
(-0.4 0.015 -0.2)
(-0.3616666667 0.015 -0.2)
(-0.3233333333 0.015 -0.2)
(-0.285 0.015 -0.2)
(-0.2466666667 0.015 -0.2)
(-0.2083333333 0.015 -0.2)
(-0.17 0.015 -0.2)
(-0.1316666667 0.015 -0.2)
(-0.09333333333 0.015 -0.2)
(-0.055 0.015 -0.2)
(-0.01666666667 0.015 -0.2)
(0.02166666667 0.015 -0.2)
(0.06 0.015 -0.2)
(-0.4 0.02 -0.2)
(-0.3616666667 0.02 -0.2)
(-0.3233333333 0.02 -0.2)
(-0.285 0.02 -0.2)
(-0.2466666667 0.02 -0.2)
(-0.2083333333 0.02 -0.2)
(-0.17 0.02 -0.2)
(-0.1316666667 0.02 -0.2)
(-0.09333333333 0.02 -0.2)
(-0.055 0.02 -0.2)
(-0.01666666667 0.02 -0.2)
(0.02166666667 0.02 -0.2)
(0.06 0.02 -0.2)
(-0.4 0.025 -0.2)
(-0.3616666667 0.025 -0.2)
(-0.3233333333 0.025 -0.2)
(-0.285 0.025 -0.2)
(-0.2466666667 0.025 -0.2)
(-0.2083333333 0.025 -0.2)
(-0.17 0.025 -0.2)
(-0.1316666667 0.025 -0.2)
(-0.09333333333 0.025 -0.2)
(-0.055 0.025 -0.2)
(-0.01666666667 0.025 -0.2)
(0.02166666667 0.025 -0.2)
(0.06 0.025 -0.2)
(-0.4 0.03 -0.2)
(-0.3616666667 0.03 -0.2)
(-0.3233333333 0.03 -0.2)
(-0.285 0.03 -0.2)
(-0.2466666667 0.03 -0.2)
(-0.2083333333 0.03 -0.2)
(-0.17 0.03 -0.2)
(-0.1316666667 0.03 -0.2)
(-0.09333333333 0.03 -0.2)
(-0.055 0.03 -0.2)
(-0.01666666667 0.03 -0.2)
(0.02166666667 0.03 -0.2)
(0.06 0.03 -0.2)
(-0.4 0.035 -0.2)
(-0.3616666667 0.035 -0.2)
(-0.3233333333 0.035 -0.2)
(-0.285 0.035 -0.2)
(-0.2466666667 0.035 -0.2)
(-0.2083333333 0.035 -0.2)
(-0.17 0.035 -0.2)
(-0.1316666667 0.035 -0.2)
(-0.09333333333 0.035 -0.2)
(-0.055 0.035 -0.2)
(-0.01666666667 0.035 -0.2)
(0.02166666667 0.035 -0.2)
(0.06 0.035 -0.2)
(-0.4 0.04 -0.2)
(-0.3616666667 0.04 -0.2)
(-0.3233333333 0.04 -0.2)
(-0.285 0.04 -0.2)
(-0.2466666667 0.04 -0.2)
(-0.2083333333 0.04 -0.2)
(-0.17 0.04 -0.2)
(-0.1316666667 0.04 -0.2)
(-0.09333333333 0.04 -0.2)
(-0.055 0.04 -0.2)
(-0.01666666667 0.04 -0.2)
(0.02166666667 0.04 -0.2)
(0.06 0.04 -0.2)
(-0.4 0 0.2)
(-0.3616666667 0 0.2)
(-0.3233333333 0 0.2)
(-0.285 0 0.2)
(-0.2466666667 0 0.2)
(-0.2083333333 0 0.2)
(-0.17 0 0.2)
(-0.1316666667 0 0.2)
(-0.09333333333 0 0.2)
(-0.055 0 0.2)
(-0.01666666667 0 0.2)
(0.02166666667 0 0.2)
(0.06 0 0.2)
(-0.4 0.005 0.2)
(-0.3616666667 0.005 0.2)
(-0.3233333333 0.005 0.2)
(-0.285 0.005 0.2)
(-0.2466666667 0.005 0.2)
(-0.2083333333 0.005 0.2)
(-0.17 0.005 0.2)
(-0.1316666667 0.005 0.2)
(-0.09333333333 0.005 0.2)
(-0.055 0.005 0.2)
(-0.01666666667 0.005 0.2)
(0.02166666667 0.005 0.2)
(0.06 0.005 0.2)
(-0.4 0.01 0.2)
(-0.3616666667 0.01 0.2)
(-0.3233333333 0.01 0.2)
(-0.285 0.01 0.2)
(-0.2466666667 0.01 0.2)
(-0.2083333333 0.01 0.2)
(-0.17 0.01 0.2)
(-0.1316666667 0.01 0.2)
(-0.09333333333 0.01 0.2)
(-0.055 0.01 0.2)
(-0.01666666667 0.01 0.2)
(0.02166666667 0.01 0.2)
(0.06 0.01 0.2)
(-0.4 0.015 0.2)
(-0.3616666667 0.015 0.2)
(-0.3233333333 0.015 0.2)
(-0.285 0.015 0.2)
(-0.2466666667 0.015 0.2)
(-0.2083333333 0.015 0.2)
(-0.17 0.015 0.2)
(-0.1316666667 0.015 0.2)
(-0.09333333333 0.015 0.2)
(-0.055 0.015 0.2)
(-0.01666666667 0.015 0.2)
(0.02166666667 0.015 0.2)
(0.06 0.015 0.2)
(-0.4 0.02 0.2)
(-0.3616666667 0.02 0.2)
(-0.3233333333 0.02 0.2)
(-0.285 0.02 0.2)
(-0.2466666667 0.02 0.2)
(-0.2083333333 0.02 0.2)
(-0.17 0.02 0.2)
(-0.1316666667 0.02 0.2)
(-0.09333333333 0.02 0.2)
(-0.055 0.02 0.2)
(-0.01666666667 0.02 0.2)
(0.02166666667 0.02 0.2)
(0.06 0.02 0.2)
(-0.4 0.025 0.2)
(-0.3616666667 0.025 0.2)
(-0.3233333333 0.025 0.2)
(-0.285 0.025 0.2)
(-0.2466666667 0.025 0.2)
(-0.2083333333 0.025 0.2)
(-0.17 0.025 0.2)
(-0.1316666667 0.025 0.2)
(-0.09333333333 0.025 0.2)
(-0.055 0.025 0.2)
(-0.01666666667 0.025 0.2)
(0.02166666667 0.025 0.2)
(0.06 0.025 0.2)
(-0.4 0.03 0.2)
(-0.3616666667 0.03 0.2)
(-0.3233333333 0.03 0.2)
(-0.285 0.03 0.2)
(-0.2466666667 0.03 0.2)
(-0.2083333333 0.03 0.2)
(-0.17 0.03 0.2)
(-0.1316666667 0.03 0.2)
(-0.09333333333 0.03 0.2)
(-0.055 0.03 0.2)
(-0.01666666667 0.03 0.2)
(0.02166666667 0.03 0.2)
(0.06 0.03 0.2)
(-0.4 0.035 0.2)
(-0.3616666667 0.035 0.2)
(-0.3233333333 0.035 0.2)
(-0.285 0.035 0.2)
(-0.2466666667 0.035 0.2)
(-0.2083333333 0.035 0.2)
(-0.17 0.035 0.2)
(-0.1316666667 0.035 0.2)
(-0.09333333333 0.035 0.2)
(-0.055 0.035 0.2)
(-0.01666666667 0.035 0.2)
(0.02166666667 0.035 0.2)
(0.06 0.035 0.2)
(-0.4 0.04 0.2)
(-0.3616666667 0.04 0.2)
(-0.3233333333 0.04 0.2)
(-0.285 0.04 0.2)
(-0.2466666667 0.04 0.2)
(-0.2083333333 0.04 0.2)
(-0.17 0.04 0.2)
(-0.1316666667 0.04 0.2)
(-0.09333333333 0.04 0.2)
(-0.055 0.04 0.2)
(-0.01666666667 0.04 0.2)
(0.02166666667 0.04 0.2)
(0.06 0.04 0.2)
(-0.4 0.05333333333 -0.2)
(-0.3616666667 0.05333333333 -0.2)
(-0.3233333333 0.05333333333 -0.2)
(-0.285 0.05333333333 -0.2)
(-0.2466666667 0.05333333333 -0.2)
(-0.2083333333 0.05333333333 -0.2)
(-0.17 0.05333333333 -0.2)
(-0.1316666667 0.05333333333 -0.2)
(-0.09333333333 0.05333333333 -0.2)
(-0.055 0.05333333333 -0.2)
(-0.01666666667 0.05333333333 -0.2)
(0.02166666667 0.05333333333 -0.2)
(0.06 0.05333333333 -0.2)
(-0.4 0.06666666667 -0.2)
(-0.3616666667 0.06666666667 -0.2)
(-0.3233333333 0.06666666667 -0.2)
(-0.285 0.06666666667 -0.2)
(-0.2466666667 0.06666666667 -0.2)
(-0.2083333333 0.06666666667 -0.2)
(-0.17 0.06666666667 -0.2)
(-0.1316666667 0.06666666667 -0.2)
(-0.09333333333 0.06666666667 -0.2)
(-0.055 0.06666666667 -0.2)
(-0.01666666667 0.06666666667 -0.2)
(0.02166666667 0.06666666667 -0.2)
(0.06 0.06666666667 -0.2)
(-0.4 0.08 -0.2)
(-0.3616666667 0.08 -0.2)
(-0.3233333333 0.08 -0.2)
(-0.285 0.08 -0.2)
(-0.2466666667 0.08 -0.2)
(-0.2083333333 0.08 -0.2)
(-0.17 0.08 -0.2)
(-0.1316666667 0.08 -0.2)
(-0.09333333333 0.08 -0.2)
(-0.055 0.08 -0.2)
(-0.01666666667 0.08 -0.2)
(0.02166666667 0.08 -0.2)
(0.06 0.08 -0.2)
(-0.4 0.09333333333 -0.2)
(-0.3616666667 0.09333333333 -0.2)
(-0.3233333333 0.09333333333 -0.2)
(-0.285 0.09333333333 -0.2)
(-0.2466666667 0.09333333333 -0.2)
(-0.2083333333 0.09333333333 -0.2)
(-0.17 0.09333333333 -0.2)
(-0.1316666667 0.09333333333 -0.2)
(-0.09333333333 0.09333333333 -0.2)
(-0.055 0.09333333333 -0.2)
(-0.01666666667 0.09333333333 -0.2)
(0.02166666667 0.09333333333 -0.2)
(0.06 0.09333333333 -0.2)
(-0.4 0.1066666667 -0.2)
(-0.3616666667 0.1066666667 -0.2)
(-0.3233333333 0.1066666667 -0.2)
(-0.285 0.1066666667 -0.2)
(-0.2466666667 0.1066666667 -0.2)
(-0.2083333333 0.1066666667 -0.2)
(-0.17 0.1066666667 -0.2)
(-0.1316666667 0.1066666667 -0.2)
(-0.09333333333 0.1066666667 -0.2)
(-0.055 0.1066666667 -0.2)
(-0.01666666667 0.1066666667 -0.2)
(0.02166666667 0.1066666667 -0.2)
(0.06 0.1066666667 -0.2)
(-0.4 0.12 -0.2)
(-0.3616666667 0.12 -0.2)
(-0.3233333333 0.12 -0.2)
(-0.285 0.12 -0.2)
(-0.2466666667 0.12 -0.2)
(-0.2083333333 0.12 -0.2)
(-0.17 0.12 -0.2)
(-0.1316666667 0.12 -0.2)
(-0.09333333333 0.12 -0.2)
(-0.055 0.12 -0.2)
(-0.01666666667 0.12 -0.2)
(0.02166666667 0.12 -0.2)
(0.06 0.12 -0.2)
(-0.4 0.1333333333 -0.2)
(-0.3616666667 0.1333333333 -0.2)
(-0.3233333333 0.1333333333 -0.2)
(-0.285 0.1333333333 -0.2)
(-0.2466666667 0.1333333333 -0.2)
(-0.2083333333 0.1333333333 -0.2)
(-0.17 0.1333333333 -0.2)
(-0.1316666667 0.1333333333 -0.2)
(-0.09333333333 0.1333333333 -0.2)
(-0.055 0.1333333333 -0.2)
(-0.01666666667 0.1333333333 -0.2)
(0.02166666667 0.1333333333 -0.2)
(0.06 0.1333333333 -0.2)
(-0.4 0.1466666667 -0.2)
(-0.3616666667 0.1466666667 -0.2)
(-0.3233333333 0.1466666667 -0.2)
(-0.285 0.1466666667 -0.2)
(-0.2466666667 0.1466666667 -0.2)
(-0.2083333333 0.1466666667 -0.2)
(-0.17 0.1466666667 -0.2)
(-0.1316666667 0.1466666667 -0.2)
(-0.09333333333 0.1466666667 -0.2)
(-0.055 0.1466666667 -0.2)
(-0.01666666667 0.1466666667 -0.2)
(0.02166666667 0.1466666667 -0.2)
(0.06 0.1466666667 -0.2)
(-0.4 0.16 -0.2)
(-0.3616666667 0.16 -0.2)
(-0.3233333333 0.16 -0.2)
(-0.285 0.16 -0.2)
(-0.2466666667 0.16 -0.2)
(-0.2083333333 0.16 -0.2)
(-0.17 0.16 -0.2)
(-0.1316666667 0.16 -0.2)
(-0.09333333333 0.16 -0.2)
(-0.055 0.16 -0.2)
(-0.01666666667 0.16 -0.2)
(0.02166666667 0.16 -0.2)
(0.06 0.16 -0.2)
(-0.4 0.1733333333 -0.2)
(-0.3616666667 0.1733333333 -0.2)
(-0.3233333333 0.1733333333 -0.2)
(-0.285 0.1733333333 -0.2)
(-0.2466666667 0.1733333333 -0.2)
(-0.2083333333 0.1733333333 -0.2)
(-0.17 0.1733333333 -0.2)
(-0.1316666667 0.1733333333 -0.2)
(-0.09333333333 0.1733333333 -0.2)
(-0.055 0.1733333333 -0.2)
(-0.01666666667 0.1733333333 -0.2)
(0.02166666667 0.1733333333 -0.2)
(0.06 0.1733333333 -0.2)
(-0.4 0.1866666667 -0.2)
(-0.3616666667 0.1866666667 -0.2)
(-0.3233333333 0.1866666667 -0.2)
(-0.285 0.1866666667 -0.2)
(-0.2466666667 0.1866666667 -0.2)
(-0.2083333333 0.1866666667 -0.2)
(-0.17 0.1866666667 -0.2)
(-0.1316666667 0.1866666667 -0.2)
(-0.09333333333 0.1866666667 -0.2)
(-0.055 0.1866666667 -0.2)
(-0.01666666667 0.1866666667 -0.2)
(0.02166666667 0.1866666667 -0.2)
(0.06 0.1866666667 -0.2)
(-0.4 0.2 -0.2)
(-0.3616666667 0.2 -0.2)
(-0.3233333333 0.2 -0.2)
(-0.285 0.2 -0.2)
(-0.2466666667 0.2 -0.2)
(-0.2083333333 0.2 -0.2)
(-0.17 0.2 -0.2)
(-0.1316666667 0.2 -0.2)
(-0.09333333333 0.2 -0.2)
(-0.055 0.2 -0.2)
(-0.01666666667 0.2 -0.2)
(0.02166666667 0.2 -0.2)
(0.06 0.2 -0.2)
(-0.4 0.05333333333 0.2)
(-0.3616666667 0.05333333333 0.2)
(-0.3233333333 0.05333333333 0.2)
(-0.285 0.05333333333 0.2)
(-0.2466666667 0.05333333333 0.2)
(-0.2083333333 0.05333333333 0.2)
(-0.17 0.05333333333 0.2)
(-0.1316666667 0.05333333333 0.2)
(-0.09333333333 0.05333333333 0.2)
(-0.055 0.05333333333 0.2)
(-0.01666666667 0.05333333333 0.2)
(0.02166666667 0.05333333333 0.2)
(0.06 0.05333333333 0.2)
(-0.4 0.06666666667 0.2)
(-0.3616666667 0.06666666667 0.2)
(-0.3233333333 0.06666666667 0.2)
(-0.285 0.06666666667 0.2)
(-0.2466666667 0.06666666667 0.2)
(-0.2083333333 0.06666666667 0.2)
(-0.17 0.06666666667 0.2)
(-0.1316666667 0.06666666667 0.2)
(-0.09333333333 0.06666666667 0.2)
(-0.055 0.06666666667 0.2)
(-0.01666666667 0.06666666667 0.2)
(0.02166666667 0.06666666667 0.2)
(0.06 0.06666666667 0.2)
(-0.4 0.08 0.2)
(-0.3616666667 0.08 0.2)
(-0.3233333333 0.08 0.2)
(-0.285 0.08 0.2)
(-0.2466666667 0.08 0.2)
(-0.2083333333 0.08 0.2)
(-0.17 0.08 0.2)
(-0.1316666667 0.08 0.2)
(-0.09333333333 0.08 0.2)
(-0.055 0.08 0.2)
(-0.01666666667 0.08 0.2)
(0.02166666667 0.08 0.2)
(0.06 0.08 0.2)
(-0.4 0.09333333333 0.2)
(-0.3616666667 0.09333333333 0.2)
(-0.3233333333 0.09333333333 0.2)
(-0.285 0.09333333333 0.2)
(-0.2466666667 0.09333333333 0.2)
(-0.2083333333 0.09333333333 0.2)
(-0.17 0.09333333333 0.2)
(-0.1316666667 0.09333333333 0.2)
(-0.09333333333 0.09333333333 0.2)
(-0.055 0.09333333333 0.2)
(-0.01666666667 0.09333333333 0.2)
(0.02166666667 0.09333333333 0.2)
(0.06 0.09333333333 0.2)
(-0.4 0.1066666667 0.2)
(-0.3616666667 0.1066666667 0.2)
(-0.3233333333 0.1066666667 0.2)
(-0.285 0.1066666667 0.2)
(-0.2466666667 0.1066666667 0.2)
(-0.2083333333 0.1066666667 0.2)
(-0.17 0.1066666667 0.2)
(-0.1316666667 0.1066666667 0.2)
(-0.09333333333 0.1066666667 0.2)
(-0.055 0.1066666667 0.2)
(-0.01666666667 0.1066666667 0.2)
(0.02166666667 0.1066666667 0.2)
(0.06 0.1066666667 0.2)
(-0.4 0.12 0.2)
(-0.3616666667 0.12 0.2)
(-0.3233333333 0.12 0.2)
(-0.285 0.12 0.2)
(-0.2466666667 0.12 0.2)
(-0.2083333333 0.12 0.2)
(-0.17 0.12 0.2)
(-0.1316666667 0.12 0.2)
(-0.09333333333 0.12 0.2)
(-0.055 0.12 0.2)
(-0.01666666667 0.12 0.2)
(0.02166666667 0.12 0.2)
(0.06 0.12 0.2)
(-0.4 0.1333333333 0.2)
(-0.3616666667 0.1333333333 0.2)
(-0.3233333333 0.1333333333 0.2)
(-0.285 0.1333333333 0.2)
(-0.2466666667 0.1333333333 0.2)
(-0.2083333333 0.1333333333 0.2)
(-0.17 0.1333333333 0.2)
(-0.1316666667 0.1333333333 0.2)
(-0.09333333333 0.1333333333 0.2)
(-0.055 0.1333333333 0.2)
(-0.01666666667 0.1333333333 0.2)
(0.02166666667 0.1333333333 0.2)
(0.06 0.1333333333 0.2)
(-0.4 0.1466666667 0.2)
(-0.3616666667 0.1466666667 0.2)
(-0.3233333333 0.1466666667 0.2)
(-0.285 0.1466666667 0.2)
(-0.2466666667 0.1466666667 0.2)
(-0.2083333333 0.1466666667 0.2)
(-0.17 0.1466666667 0.2)
(-0.1316666667 0.1466666667 0.2)
(-0.09333333333 0.1466666667 0.2)
(-0.055 0.1466666667 0.2)
(-0.01666666667 0.1466666667 0.2)
(0.02166666667 0.1466666667 0.2)
(0.06 0.1466666667 0.2)
(-0.4 0.16 0.2)
(-0.3616666667 0.16 0.2)
(-0.3233333333 0.16 0.2)
(-0.285 0.16 0.2)
(-0.2466666667 0.16 0.2)
(-0.2083333333 0.16 0.2)
(-0.17 0.16 0.2)
(-0.1316666667 0.16 0.2)
(-0.09333333333 0.16 0.2)
(-0.055 0.16 0.2)
(-0.01666666667 0.16 0.2)
(0.02166666667 0.16 0.2)
(0.06 0.16 0.2)
(-0.4 0.1733333333 0.2)
(-0.3616666667 0.1733333333 0.2)
(-0.3233333333 0.1733333333 0.2)
(-0.285 0.1733333333 0.2)
(-0.2466666667 0.1733333333 0.2)
(-0.2083333333 0.1733333333 0.2)
(-0.17 0.1733333333 0.2)
(-0.1316666667 0.1733333333 0.2)
(-0.09333333333 0.1733333333 0.2)
(-0.055 0.1733333333 0.2)
(-0.01666666667 0.1733333333 0.2)
(0.02166666667 0.1733333333 0.2)
(0.06 0.1733333333 0.2)
(-0.4 0.1866666667 0.2)
(-0.3616666667 0.1866666667 0.2)
(-0.3233333333 0.1866666667 0.2)
(-0.285 0.1866666667 0.2)
(-0.2466666667 0.1866666667 0.2)
(-0.2083333333 0.1866666667 0.2)
(-0.17 0.1866666667 0.2)
(-0.1316666667 0.1866666667 0.2)
(-0.09333333333 0.1866666667 0.2)
(-0.055 0.1866666667 0.2)
(-0.01666666667 0.1866666667 0.2)
(0.02166666667 0.1866666667 0.2)
(0.06 0.1866666667 0.2)
(-0.4 0.2 0.2)
(-0.3616666667 0.2 0.2)
(-0.3233333333 0.2 0.2)
(-0.285 0.2 0.2)
(-0.2466666667 0.2 0.2)
(-0.2083333333 0.2 0.2)
(-0.17 0.2 0.2)
(-0.1316666667 0.2 0.2)
(-0.09333333333 0.2 0.2)
(-0.055 0.2 0.2)
(-0.01666666667 0.2 0.2)
(0.02166666667 0.2 0.2)
(0.06 0.2 0.2)
(0.1025 0.04 -0.2)
(0.145 0.04 -0.2)
(0.1875 0.04 -0.2)
(0.23 0.04 -0.2)
(0.2725 0.04 -0.2)
(0.315 0.04 -0.2)
(0.3575 0.04 -0.2)
(0.4 0.04 -0.2)
(0.1025 0.05333333333 -0.2)
(0.145 0.05333333333 -0.2)
(0.1875 0.05333333333 -0.2)
(0.23 0.05333333333 -0.2)
(0.2725 0.05333333333 -0.2)
(0.315 0.05333333333 -0.2)
(0.3575 0.05333333333 -0.2)
(0.4 0.05333333333 -0.2)
(0.1025 0.06666666667 -0.2)
(0.145 0.06666666667 -0.2)
(0.1875 0.06666666667 -0.2)
(0.23 0.06666666667 -0.2)
(0.2725 0.06666666667 -0.2)
(0.315 0.06666666667 -0.2)
(0.3575 0.06666666667 -0.2)
(0.4 0.06666666667 -0.2)
(0.1025 0.08 -0.2)
(0.145 0.08 -0.2)
(0.1875 0.08 -0.2)
(0.23 0.08 -0.2)
(0.2725 0.08 -0.2)
(0.315 0.08 -0.2)
(0.3575 0.08 -0.2)
(0.4 0.08 -0.2)
(0.1025 0.09333333333 -0.2)
(0.145 0.09333333333 -0.2)
(0.1875 0.09333333333 -0.2)
(0.23 0.09333333333 -0.2)
(0.2725 0.09333333333 -0.2)
(0.315 0.09333333333 -0.2)
(0.3575 0.09333333333 -0.2)
(0.4 0.09333333333 -0.2)
(0.1025 0.1066666667 -0.2)
(0.145 0.1066666667 -0.2)
(0.1875 0.1066666667 -0.2)
(0.23 0.1066666667 -0.2)
(0.2725 0.1066666667 -0.2)
(0.315 0.1066666667 -0.2)
(0.3575 0.1066666667 -0.2)
(0.4 0.1066666667 -0.2)
(0.1025 0.12 -0.2)
(0.145 0.12 -0.2)
(0.1875 0.12 -0.2)
(0.23 0.12 -0.2)
(0.2725 0.12 -0.2)
(0.315 0.12 -0.2)
(0.3575 0.12 -0.2)
(0.4 0.12 -0.2)
(0.1025 0.1333333333 -0.2)
(0.145 0.1333333333 -0.2)
(0.1875 0.1333333333 -0.2)
(0.23 0.1333333333 -0.2)
(0.2725 0.1333333333 -0.2)
(0.315 0.1333333333 -0.2)
(0.3575 0.1333333333 -0.2)
(0.4 0.1333333333 -0.2)
(0.1025 0.1466666667 -0.2)
(0.145 0.1466666667 -0.2)
(0.1875 0.1466666667 -0.2)
(0.23 0.1466666667 -0.2)
(0.2725 0.1466666667 -0.2)
(0.315 0.1466666667 -0.2)
(0.3575 0.1466666667 -0.2)
(0.4 0.1466666667 -0.2)
(0.1025 0.16 -0.2)
(0.145 0.16 -0.2)
(0.1875 0.16 -0.2)
(0.23 0.16 -0.2)
(0.2725 0.16 -0.2)
(0.315 0.16 -0.2)
(0.3575 0.16 -0.2)
(0.4 0.16 -0.2)
(0.1025 0.1733333333 -0.2)
(0.145 0.1733333333 -0.2)
(0.1875 0.1733333333 -0.2)
(0.23 0.1733333333 -0.2)
(0.2725 0.1733333333 -0.2)
(0.315 0.1733333333 -0.2)
(0.3575 0.1733333333 -0.2)
(0.4 0.1733333333 -0.2)
(0.1025 0.1866666667 -0.2)
(0.145 0.1866666667 -0.2)
(0.1875 0.1866666667 -0.2)
(0.23 0.1866666667 -0.2)
(0.2725 0.1866666667 -0.2)
(0.315 0.1866666667 -0.2)
(0.3575 0.1866666667 -0.2)
(0.4 0.1866666667 -0.2)
(0.1025 0.2 -0.2)
(0.145 0.2 -0.2)
(0.1875 0.2 -0.2)
(0.23 0.2 -0.2)
(0.2725 0.2 -0.2)
(0.315 0.2 -0.2)
(0.3575 0.2 -0.2)
(0.4 0.2 -0.2)
(0.1025 0.04 0.2)
(0.145 0.04 0.2)
(0.1875 0.04 0.2)
(0.23 0.04 0.2)
(0.2725 0.04 0.2)
(0.315 0.04 0.2)
(0.3575 0.04 0.2)
(0.4 0.04 0.2)
(0.1025 0.05333333333 0.2)
(0.145 0.05333333333 0.2)
(0.1875 0.05333333333 0.2)
(0.23 0.05333333333 0.2)
(0.2725 0.05333333333 0.2)
(0.315 0.05333333333 0.2)
(0.3575 0.05333333333 0.2)
(0.4 0.05333333333 0.2)
(0.1025 0.06666666667 0.2)
(0.145 0.06666666667 0.2)
(0.1875 0.06666666667 0.2)
(0.23 0.06666666667 0.2)
(0.2725 0.06666666667 0.2)
(0.315 0.06666666667 0.2)
(0.3575 0.06666666667 0.2)
(0.4 0.06666666667 0.2)
(0.1025 0.08 0.2)
(0.145 0.08 0.2)
(0.1875 0.08 0.2)
(0.23 0.08 0.2)
(0.2725 0.08 0.2)
(0.315 0.08 0.2)
(0.3575 0.08 0.2)
(0.4 0.08 0.2)
(0.1025 0.09333333333 0.2)
(0.145 0.09333333333 0.2)
(0.1875 0.09333333333 0.2)
(0.23 0.09333333333 0.2)
(0.2725 0.09333333333 0.2)
(0.315 0.09333333333 0.2)
(0.3575 0.09333333333 0.2)
(0.4 0.09333333333 0.2)
(0.1025 0.1066666667 0.2)
(0.145 0.1066666667 0.2)
(0.1875 0.1066666667 0.2)
(0.23 0.1066666667 0.2)
(0.2725 0.1066666667 0.2)
(0.315 0.1066666667 0.2)
(0.3575 0.1066666667 0.2)
(0.4 0.1066666667 0.2)
(0.1025 0.12 0.2)
(0.145 0.12 0.2)
(0.1875 0.12 0.2)
(0.23 0.12 0.2)
(0.2725 0.12 0.2)
(0.315 0.12 0.2)
(0.3575 0.12 0.2)
(0.4 0.12 0.2)
(0.1025 0.1333333333 0.2)
(0.145 0.1333333333 0.2)
(0.1875 0.1333333333 0.2)
(0.23 0.1333333333 0.2)
(0.2725 0.1333333333 0.2)
(0.315 0.1333333333 0.2)
(0.3575 0.1333333333 0.2)
(0.4 0.1333333333 0.2)
(0.1025 0.1466666667 0.2)
(0.145 0.1466666667 0.2)
(0.1875 0.1466666667 0.2)
(0.23 0.1466666667 0.2)
(0.2725 0.1466666667 0.2)
(0.315 0.1466666667 0.2)
(0.3575 0.1466666667 0.2)
(0.4 0.1466666667 0.2)
(0.1025 0.16 0.2)
(0.145 0.16 0.2)
(0.1875 0.16 0.2)
(0.23 0.16 0.2)
(0.2725 0.16 0.2)
(0.315 0.16 0.2)
(0.3575 0.16 0.2)
(0.4 0.16 0.2)
(0.1025 0.1733333333 0.2)
(0.145 0.1733333333 0.2)
(0.1875 0.1733333333 0.2)
(0.23 0.1733333333 0.2)
(0.2725 0.1733333333 0.2)
(0.315 0.1733333333 0.2)
(0.3575 0.1733333333 0.2)
(0.4 0.1733333333 0.2)
(0.1025 0.1866666667 0.2)
(0.145 0.1866666667 0.2)
(0.1875 0.1866666667 0.2)
(0.23 0.1866666667 0.2)
(0.2725 0.1866666667 0.2)
(0.315 0.1866666667 0.2)
(0.3575 0.1866666667 0.2)
(0.4 0.1866666667 0.2)
(0.1025 0.2 0.2)
(0.145 0.2 0.2)
(0.1875 0.2 0.2)
(0.23 0.2 0.2)
(0.2725 0.2 0.2)
(0.315 0.2 0.2)
(0.3575 0.2 0.2)
(0.4 0.2 0.2)
)


// ************************************************************************* //
